T0: 2454930.223003577 +/- 0.00017409538850188255 
log_period: 0.5068069898571513 +/- 9.067799433548629e-08 
RpRs: 0.0973790830583152 +/- 0.0025723829100576523 
log_ars: 0.9327273372891749 +/- 4.7192071611634745e-07 
cosi: 0.044937110880337 +/- 0.005277050142867702 
esinw: 0.008393040671114677 +/- 0.00034634071670420347 
ecosw: -0.008637500126387683 +/- 0.0003386654285135538 
u1: 0.2996019461100666 +/- 0.010378968657367704 
u2: 0.29999322519091043 +/- 0.009477632213531872 
airmass_slope: 0.03879096174212635 +/- 0.0026085357437534186 
depth (ppt): 9.482685817278252 +/- 0.500623021103376 
