T0: 2454930.22286601 +/- 0.0018398761749267578 
log_period: 0.5068063414060949 +/- 3.956611893118911e-07 
RpRs: 0.10652410447602984 +/- 0.006433195009168634 
log_ars: 0.932727892319685 +/- 5.364997407830696e-06 
cosi: 0.07686787564962241 +/- 0.013499142636338914 
esinw: 0.008399307397769694 +/- 0.003336131411170386 
ecosw: -0.00939343804486244 +/- 0.003140055435578478 
u1: 0.29860743067290996 +/- 0.009666935793944259 
u2: 0.3005796673210183 +/- 0.01054711102944128 
airmass_slope: 0.03790326354697277 +/- 0.00298589394311697 
depth (ppt): 11.347384834420126 +/- 1.3380701111994844 
absolute depth (baseline-center)/baseline: 12.102615206595612 +/- 8.487587067967903RMS of residuals: 0.008514357029288525