T0: 2454930.2229923774 +/- 0.00018640304915606976 
log_period: 0.506806989451243 +/- 9.743681783636049e-08 
RpRs: 0.09753118635965312 +/- 0.002658472645308489 
log_ars: 0.9327273159278725 +/- 5.02059169904534e-07 
cosi: 0.045322217782384704 +/- 0.005194838745845025 
esinw: 0.00837713902515119 +/- 0.0003214839457186189 
ecosw: -0.008705193244032367 +/- 0.0003315618815495306 
u1: 0.3004165799463423 +/- 0.00986496287550212 
u2: 0.3005423304891518 +/- 0.01069857978584815 
airmass_slope: 0.038851360844811 +/- 0.002379670368404689 
depth (ppt): 9.512332312721387 +/- 0.5177929239940227 
